[[8 7 7 8]
 [0 5 6 5]
 [7 3 7 0]
 [8 4 7 3]]
Riga centrale:
[7 3 7 0]
Matrice trasposta:
[[8 0 7 8]
 [7 5 3 4]
 [7 6 7 7]
 [8 5 0 3]]
Somma totale:
85
Seconda Matrice:
[[0 0 0 3]
 [2 3 0 1]
 [2 1 1 0]
 [4 0 2 1]]
Moltiplicazione Element Wise delle matrici:
[[ 0  0  0 24]
 [ 0 15  0  5]
 [14  3  7  0]
 [32  0 14  3]]
Media prima matrice:
5.3125
Media seconda matrice:
1.25